1.505
4.551
2.828
0.928
1.699
2.234
1.382
0.951
1.193
1.161
0.963
0.963
1.163
1.044
0.958
1.007
1.616
2.222
1.26
1.231
2.147
1.53
0.813
1.725
2.797
0.304
1.301
1.936
0.851
0.549
2.031
2.193
1.497
1.115
0.406
0.906
1.141
1.836
2.506
1.549
3.655
1.028
1.953
1.257
2.225
0.265
1.554
3.108
0.635
0.918
1.104
1.127
2.25
1.494
1.432
1.588
1.872
2.501
0.397
1.896
1.457
2.298
2.176
0.645
2.375
1.591
2.015
0.877
0.473
1.688
0.172
0.558
1.248
1.106
1.419
1.387
1.31
3.7
1.506
1.463
2.201
1.966
1.876
1.055
1.661
0.804
0.614
2.267
1.161
0.912
0.65
2.616
1.38
2.448
1.587
2.094
1.9
3.342
1.411
1.448
0.763
0.635
1.488
1.427
3.223
3.451
1.653
2.113
1.542
1.678
0.649
3.461
0.477
2.88
1.376
3.142
0.647
2.973
2.25
1.521
0.874
0.578
0.976
1.804
1.865
2.527
1.645
0.466
1.763
3.355
1.531
3.604
1.169
1.202
0.572
0.919
2.176
0.752
2.056
1.549
1.145
2.268
0.849
1.263
0.276
1.036
1.546
1.546
0.664
1.113
0.182
1.633
0.654
0.72
1.724
0.578
2.109
2.015
2.446
1.978
1.014
1.746
1.43
1.46
0.535
0.262
1.441
1.738
1.854
1.036
1.555
0.818
0.423
1.543
1.84
2.327
1.247
0.543
2.074
1.82
2.053
1.621
0.923
1.259
1.347
1.488
1.148
2.438
2.258
0.76
1.637
4.307
0.404
2.611
2.078
1.603
0.684
0.593
1.166
1.922
3.007
0.433
1.796
1.013
1.856
1.412
0.483
1.277
1.568
0.973
1.315
0.201
1.59
1.778
1.071
3.766
1.682
1.086
1.905
0.986
0.842
2.682
3.385
0.907
1.664
2.202
2.902
1.477
4.472
1.977
1.449
3.292
0.819
1.257
3.309
1.02
2.219
3.126
0.592
2.454
1.499
1.407
0.547
2.279
1.895
2.206
2.751
1.918
1.137
1.189
3.079
1.617
0.577
0.731
1.263
2.342
2.172
0.822
0.428
0.775
1.72
2.825
1.383
1.012
1.162
0.928
0.999
2.127
0.776
0.757
1.383
0.505
0.495
2.969
1.221
0.492
0.675
2.628
2.101
1.939
0.636
0.813
1.44
1.282
1.679
3.088
1.109
1.595
1.733
1.355
1.133
2.681
0.657
0.95
1.276
2.261
2.233
2.028
1.254
0.938
1.372
0.515
0.79
1.127
1.097
1.117
1.602
0.813
1.984
1.063
2.495
0.412
1.067
1.328
1.326
0.938
1.059
1.237
0.158
0.647
2.347
2.115
0.807
1.171
0.624
1.649
0.605
1.486
1.777
1.514
3.37
0.554
1.288
0.568
2.667
0.473
1.382
0.946
2.594
1.471
0.212
1.854
0.133
0.946
1.708
1.537
3.439
3.389
3.014
2.908
2.322
1.677
0.252
0.424
1.431
0.199
2.811
1.992
1.101
1.678
0.855
0.915
1.977
1.616
2.775
1.762
1.778
0.524
0.726
1.189
0.693
1.964
0.847
1.138
0.399
2.778
0.624
6.342
2.049
0.271
2.938
0.84
0.842
1.222
3.098
3.091
2.246
1.691
2.324
1.372
1.422
1.765
0.946
1.761
2.471
0.767
1.171
3.313
1.833
2.337
0.986
2.257
2.398
0.311
1.408
1.019
2.795
0.875
1.507
1.257
0.422
1.649
0.546
1.889
1.1
1.43
1.068
0.986
0.629
1.313
0.547
0.718
1.277
0.972
0.638
1.933
1.258
0.24
2.304
2.355
1.367
0.957
1.232
2.335
0.211
0.544
0.776
2.013
2.07
2.17
1.05
1.674
2.394
1.52
1.071
3.812
1.843
1.023
3.506
2.35
2.14
2.679
1.622
2.84
1.21
0.696
0.42
1.426
0.751
5.315
0.68
0.681
0.809
0.968
0.734
0.898
1.784
0.835
1.304
0.548
1.935
2.347
1.178
3.483
1.25
2.929
0.738
1.31
0.638
3.748
0.643
0.561
1.375
3.666
1.461
3.373
1.616
0.842
0.285
0.339
2.281
1.351
1.625
1.839
1.248
1.553
1.29
0.559
1.03
0.801
